272569
558529
469382
43928
996166
268739
1048396
1267564
309800
1230454
553469
553467
1236180
1383844
2032630
1383850
1383851
1407499
1227481
35743
1033806
1070774
660521
485914
890420
1932360
660518
1412872
1073996
555874
660517
699433
1085028
1227460
1544718
1238426
355548
543526
406552
797303
373386
1495067
1227496
1186196
1202768
358396
694430
1227454
1095778
797210
29540
253108
348780
797114
767519
1261545
1085029
309807
1850348
1469170
558529
555874
362976
1238425
1412874
1110502
322866
330214
42253
1325564
1978765
1827376
1742973
1742972
133720
52442
42253
42253
330214
42253
1742972
42253
1978765
1266370
746697
866536
470826
313595
592029
2058134
102
574710
641524
49280
504486
1453352
561365
1454006
1763534
1355330
229204
2058314
649333
641691
1445657
703340
1977054
1826909
504487
419940
1798225
1178778
1889777
332999
551996
551991
272624
661367
45070
45073
66969
29422
453
45076
458
451
449
1185876
504472
437022
1812911
2077091
2026802
1399147
1321371
1082868
1437425
45065
1632865
331113
1265313
412449
1260983
644283
299152
145857
261654
1348338
1424659
386302
1793723
1575
1898738
700508
1807
1800
912594
1545728
2039281
39688
1299327
1299328
1778
56425
1137994
2074
1854588
417292
1144618
645275
300028
2133960
1736516
279828
1121877
1280514
1640516
1895928
28034
979556
1735677
1775951
279238
48936
1938756
1523425
1174684
499656
1827383
1827382
2183925
224324
638303
35835
75906
608538
869210
323097
323097
339866
75379
314253
29421
335283
364030
990288
743299
930
187490
555778
1860122
1766620
292415
1895860
1660147
1660145
314278
381306
585455
1970504
1748243
870187
525918
1660144
1970527
160660
1267768
1385625
610332
392423
1048260
1162668
1051632
399739
743720
1215092
47885
1891229
1301098
1904754
1149133
243277
740709
1761910
1763883
1737061
1897632
568106
1504672
1688639
519453
490188
578942
1400861
1842533
2135643
757424
706191
582744
596154
28092
1177982
2015563
1768242
937450
358220
2015568
1076937
29544
1538295
433924
1452508
1000565
626418
395019
1898103
397945
489703
983917
1736528
1795631
431059
1547922
76731
380675
564714
445709
2163011
1844971
1437824
1162282
1391654
2183582
1526571
400668
1792290
295068
317025
1685380
364032
314278
1249553
1298593
2030825
1085623
151081
1723757
43658
565045
1265313
490759
1305731
1306954
1761795
1484056
375760
1305731
650891
207949
1492922
42565
284577
416872
475662
43662
1026882
1685377
1548123
1304275
1298881
562729
1632859
1323745
1869214
1224318
861298
1918946
1406902
243159
743299
1121881
1048260
1048260
412449
163359
1765684
53633
1162668
75379
765912
1166950
160660
1860122
1660145
1356299
1796491
1469502
339866
631362
765913
768671
1385625
1385625
765910
1162668
1789004
1985873
2039167
525909
114615
1120705
651663
1566387
2015576
1385368
133190
1921510
2013662
1985171
2015572
1384459
1123062
114615
2109933
324602
357808
1238182
197461
1881061
1292034
555778
1970385
1766620
990288
743299
990288
930
187490
381306
585455
1123397
643867
1028
1232681
1416801
388280
2126553
2100725
2024847
1541063
1605367
1917219
1729581
565045
314285
445710
1970612
412449
690879
48467
2015575
477690
349163
526
316057
728005
69395
2056860
1612308
311402
887144
443610
375451
2175247
1054996
1666917
290400
1470561
1397108
137722
595589
1978761
1523427
2015561
1523416
1802169
426117
1523432
438753
414684
1736537
291331
361041
440168
666684
1566387
258594
937218
1647104
237727
1044
391589
1244108
1819565
1077947
573024
391593
420999
1700845
1123755
1288298
744979
1163407
1736477
1219050
1156935
1907415
1736473
1736563
1672749
1798804
1736437
1867956
1898112
391619
439497
340021
1685378
639004
60890
1312363
1206336
254406
2184063
1666913
644107
1333998
411684
39960
1666908
1300349
198312
2023229
1896196
2067450
383381
935700
571298
1982044
1735012
1914409
2072018
1408890
337701
2067452
407234
1882821
74031
2015578
2052957
254357
1673631
2015560
633194
1207063
245187
2013655
564137
1870903
1189325
393663
990712
1192054
336292
384765
686597
2021862
89524
1227549
1441467
1981099
538381
196587
2169400
441209
2182432
996342
505252
1123756
351016
490829
321339
1849170
388399
313368
1529041
1501240
1822225
1125964
561184
441119
366533
1917485
1449351
1417296
1353537
1915078
313367
1335757
1639689
2135642
1592629
2175090
453247
398580
1225651
1968823
1670800
1544451
2024848
1123071
1449350
1280846
243090
595434
595460
595453
756272
1576369
2026779
748280
332411
243365
1903179
2014876
69664
260084
351348
2109942
1305731
1306954
1288826
379482
135739
1914300
1658765
1761795
432303
375760
430453
1479237
564117
1415568
1137280
1874317
930118
490759
1766622
1897729
419597
1761788
1484056
314260
575540
314276
1766622
1096243
2100422
929563
1513793
2026757
204536
380749
1165841
1970501
2022749
176279
279808
28035
1917422
93061
42858
1293
74704
29385
1392
226900
580165
224308
1565991
47500
1679168
46224
237682
1385511
571933
930152
930146
1236971
1914540
2021690
2022547
157838
1707093
1397
1173111
1642702
1117379
1131730
86668
2033511
1678002
1221996
363870
1356854
1765683
2033499
279010
1664069
930128
235909
1586290
1547578
1490057
33936
581103
471223
1220594
717605
1288971
644966
35841
1830138
241244
621372
1229783
904314
1200346
521098
1484
163359
1869167
173053
1005945
1356299
1356306
1895767
2052837
761193
688867
947013
504472
2057025
1750698
1302690
1834519
1690483
1197129
1981981
929562
2015582
760192
323848
35799
1855340
1855339
200126
1131553
51642
200126
322710
1328314
1817753
1945892
2015573
391598
416016
29536
1041826
1929267
2015558
760192
2169409
2067454
332977
1239962
1232681
1485585
1123057
758820
1664068
1453500
1727163
1945863
279824
313595
669041
1736295
686340
857087
980561
1538553
1978759
1727196
1905845
1704499
2051955
1116472
360316
1760988
869212
261292
917
52441
697282
1288494
58133
1233
1895901
200126
51642
1116472
1880899
360316
857087
1538553
1978759
980561
1905845
1727196
1632867
686340
243233
1760988
1400861
1400863
472759
323261
159087
281362
2013701
418702
522306
1860102
1453999
1454001
1454000
1454004
415747
1049564
1918949
1918948
1940819
1899563
1655433
1818881
525918
870187
525918
92487
448385
1254432
448385
1254432
1192034
52
1278073
1242864
1294270
2138576
394096
48
927083
54
298653
102897
683316
573497
1834515
1834512
471852
1179773
155974
155976
106412
1653480
502025
243090
2014065
595434
1263870
595460
595453
1265738
344747
1636152
1895807
1387353
2023130
886293
1908690
1630693
1982324
1576369
530564
1632864
2026779
756272
1891926
1632865
1379270
215803
1675527
378806
247490
1197129
380242
2051955